  0.031776  0.013433  0.063973
  0.389754 -0.227995 -0.179762
  0.045030 -0.005584  0.138868
  0.183380 -0.224369  0.300626
 -0.351140  0.364199  0.021421
 -0.109082 -0.074330 -0.185374
 -0.331573  0.138171 -0.134472
  0.206327 -0.358894  0.016349
  0.213272 -0.280665 -0.043804
  0.261894 -0.031528 -0.206253
  0.134951  0.224359 -0.107201
  0.106243  0.133646  0.118275
  0.016355 -0.078513 -0.186732
 -0.032804 -0.110556 -0.453380
  0.112273  0.071469 -0.097183
 -0.007088  0.180003  0.034827
  0.040334  0.153940 -0.214744
  0.101194 -0.040714 -0.036153
 -0.026872  0.297428 -0.275568
 -0.062864 -0.133652 -0.250780
 -0.074794 -0.034775 -0.000544
 -0.460374 -0.014855  0.098067
  0.194953 -0.011965  0.263279
 -0.143100  0.104198  0.057027
  0.195144 -0.381293 -0.096892
  0.266964  0.283595  0.176250
 -0.233661 -0.319974  0.093012
  0.344856  0.277117 -0.190902
 -0.044513 -0.238036  0.378599
 -0.276012 -0.130388 -0.014987
 -0.386268  0.021687  0.203256
  0.087612  0.164570  0.020928
  0.020143  0.218650  0.129338
  0.173287 -0.136885  0.261035
 -0.365727 -0.073677  0.051790
  0.115853  0.050204  0.226043
 -0.241714 -0.175013 -0.404340
  0.233744  0.383663  0.151373
 -0.186967 -0.192222  0.238811
 -0.140785  0.195550  0.035925
