    8.1668364  -12.0134665   10.9338276
  125.7530387  -41.9246528  -43.5218735
    5.7321804    5.7193759   56.9040559
   77.4983569  -45.7845612   65.3305189
 -127.5415726   71.2268050   12.2396848
  -22.3548929  -36.6060718  -66.2197015
 -103.5345590  -16.7518495  -40.3965516
   92.0236368  -79.9839607   -1.0678037
   83.8679669  -41.5662146    6.3295258
   77.1700869   17.5858056  -77.6109899
   14.5863657   52.9490377  -19.3201816
   23.5772086   52.5551079   38.3586146
   10.7702693  -15.9622331  -49.1531689
  -12.6293397  -30.4058470 -127.8155652
   29.9047448   19.5328172  -43.8778144
  -28.5714025   44.9991408   32.6634873
   -5.4008551   52.9589424  -71.9650953
   22.8561294   12.8022444   10.9249017
  -38.1762981   80.8510349  -63.7220454
   -6.0386387  -52.4588462  -59.4161080
  -23.2553948   -0.8246022   14.0720247
 -128.0095236  -23.2716092   27.7705950
   62.0470307   -6.1990880   60.2567578
  -51.7891189   15.2538594   39.8667391
   85.4063170  -92.6601498  -19.8387106
   49.3206517  101.8073620   38.8962156
  -23.3607854 -119.0289091   26.4724009
   69.9993465  108.5218785  -62.5792578
   23.6223538  -64.6956345  101.9236662
  -64.7335734  -55.4581506  -30.7112913
 -106.9009201  -29.5579209   87.8584291
   10.2527510   51.3761069  -20.7973887
   -9.0627647   69.5955140   20.4524629
   64.8856639  -32.2704000   63.3081741
  -98.4007229  -28.7866190   10.5863523
   38.9919802   29.7490610   78.9772770
  -62.4688818  -64.6365339 -116.0979535
   32.5374099  132.9738255   25.0804562
  -35.4801471  -74.8669719   55.5568554
  -61.2609342   45.2563731   29.3484780
